footprintWKT	coordinateUncertaintyInMeters	decimalLatitude	decimalLongitude
LINESTRING (-45.4727 -60.69966, -45.47562 -60.69875)	94.49443635570775	-60.69920500796727	-45.47416002062669
LINESTRING (-45.4727 -60.69966, -45.47562 -60.69875)	94.49443635570775	-60.69920500796727	-45.47416002062669
LINESTRING (-45.4727 -60.69966, -45.47562 -60.69875)	94.49443635570775	-60.69920500796727	-45.47416002062669
LINESTRING (-45.4727 -60.69966, -45.47562 -60.69875)	94.49443635570775	-60.69920500796727	-45.47416002062669
LINESTRING (-45.4727 -60.69966, -45.47562 -60.69875)	94.49443635570775	-60.69920500796727	-45.47416002062669
LINESTRING (-45.4727 -60.69966, -45.47562 -60.69875)	94.49443635570775	-60.69920500796727	-45.47416002062669
LINESTRING (-45.4727 -60.69966, -45.47562 -60.69875)	94.49443635570775	-60.69920500796727	-45.47416002062669
LINESTRING (-45.4727 -60.69966, -45.47562 -60.69875)	94.49443635570775	-60.69920500796727	-45.47416002062669
LINESTRING (-45.4727 -60.69966, -45.47562 -60.69875)	94.49443635570775	-60.69920500796727	-45.47416002062669
LINESTRING (-45.4727 -60.69966, -45.47562 -60.69875)	94.49443635570775	-60.69920500796727	-45.47416002062669
LINESTRING (-45.4727 -60.69966, -45.47562 -60.69875)	94.49443635570775	-60.69920500796727	-45.47416002062669
LINESTRING (-45.4727 -60.69966, -45.47562 -60.69875)	94.49443635570775	-60.69920500796727	-45.47416002062669
LINESTRING (-45.4727 -60.69966, -45.47562 -60.69875)	94.49443635570775	-60.69920500796727	-45.47416002062669
LINESTRING (-45.4727 -60.69966, -45.47562 -60.69875)	94.49443635570775	-60.69920500796727	-45.47416002062669
LINESTRING (-45.4727 -60.69966, -45.47562 -60.69875)	94.49443635570775	-60.69920500796727	-45.47416002062669
LINESTRING (-45.4727 -60.69966, -45.47562 -60.69875)	94.49443635570775	-60.69920500796727	-45.47416002062669
LINESTRING (-45.4727 -60.69966, -45.47562 -60.69875)	94.49443635570775	-60.69920500796727	-45.47416002062669
LINESTRING (-45.4727 -60.69966, -45.47562 -60.69875)	94.49443635570775	-60.69920500796727	-45.47416002062669
LINESTRING (-45.4727 -60.69966, -45.47562 -60.69875)	94.49443635570775	-60.69920500796727	-45.47416002062669
LINESTRING (-45.4727 -60.69966, -45.47562 -60.69875)	94.49443635570775	-60.69920500796727	-45.47416002062669
LINESTRING (-45.4727 -60.69966, -45.47562 -60.69875)	94.49443635570775	-60.69920500796727	-45.47416002062669
LINESTRING (-45.4727 -60.69966, -45.47562 -60.69875)	94.49443635570775	-60.69920500796727	-45.47416002062669
LINESTRING (-46.93724 -61.53567, -46.9458 -61.53389)	248.34099499331958	-61.53478006714231	-46.94152012243661
LINESTRING (-47.12975 -61.53737, -47.13748 -61.53434)	266.02950965111995	-61.535855054873366	-47.133615188217114
LINESTRING (-47.12975 -61.53737, -47.13748 -61.53434)	266.02950965111995	-61.535855054873366	-47.133615188217114
LINESTRING (-47.12975 -61.53737, -47.13748 -61.53434)	266.02950965111995	-61.535855054873366	-47.133615188217114
LINESTRING (-47.12975 -61.53737, -47.13748 -61.53434)	266.02950965111995	-61.535855054873366	-47.133615188217114
LINESTRING (-47.14056 -61.5332, -47.15383 -61.53112)	371.520876088576	-61.53216016130698	-47.147195221770744
LINESTRING (-47.14056 -61.5332, -47.15383 -61.53112)	371.520876088576	-61.53216016130698	-47.147195221770744
LINESTRING (-47.16144 -61.53181, -47.17042 -61.53002)	258.8625331274841	-61.53091507389397	-47.16593012914476
LINESTRING (-47.16144 -61.53181, -47.17042 -61.53002)	258.8625331274841	-61.53091507389397	-47.16593012914476
LINESTRING (-47.16144 -61.53181, -47.17042 -61.53002)	258.8625331274841	-61.53091507389397	-47.16593012914476
LINESTRING (-47.16144 -61.53181, -47.17042 -61.53002)	258.8625331274841	-61.53091507389397	-47.16593012914476
LINESTRING (-47.12975 -61.53737, -47.13748 -61.53434)	266.02950965111995	-61.535855054873366	-47.133615188217114
LINESTRING (-47.12975 -61.53737, -47.13748 -61.53434)	266.02950965111995	-61.535855054873366	-47.133615188217114
LINESTRING (-47.12975 -61.53737, -47.13748 -61.53434)	266.02950965111995	-61.535855054873366	-47.133615188217114
LINESTRING (-47.16144 -61.53181, -47.17042 -61.53002)	258.8625331274841	-61.53091507389397	-47.16593012914476
LINESTRING (-44.98298 -62.16809, -44.98613 -62.16425)	229.1820986733384	-62.16617000921936	-44.98455509981407
LINESTRING (-44.98298 -62.16809, -44.98613 -62.16425)	229.1820986733384	-62.16617000921936	-44.98455509981407
LINESTRING (-44.98773 -62.16168, -44.98834 -62.15685)	269.61643181918214	-62.15926500076006	-44.98803502430524
LINESTRING (-44.98773 -62.16168, -44.98834 -62.15685)	269.61643181918214	-62.15926500076006	-44.98803502430524
LINESTRING (-44.99019 -62.15421, -44.98773 -62.14981)	253.43340488669193	-62.15201000581325	-44.988959910735815
LINESTRING (-44.99019 -62.15421, -44.98773 -62.14981)	253.43340488669193	-62.15201000581325	-44.988959910735815
LINESTRING (-44.52579 -62.33369, -44.53514 -62.33162)	268.3447470968895	-62.3326550786267	-44.530465160842695
LINESTRING (-44.54167 -62.33015, -44.55319 -62.32784)	325.1230957612243	-62.32899511934748	-44.547430221114
LINESTRING (-44.54167 -62.33015, -44.55319 -62.32784)	325.1230957612243	-62.32899511934748	-44.547430221114
LINESTRING (-44.54167 -62.33015, -44.55319 -62.32784)	325.1230957612243	-62.32899511934748	-44.547430221114
LINESTRING (-44.54167 -62.33015, -44.55319 -62.32784)	325.1230957612243	-62.32899511934748	-44.547430221114
LINESTRING (-44.54167 -62.33015, -44.55319 -62.32784)	325.1230957612243	-62.32899511934748	-44.547430221114
LINESTRING (-44.54167 -62.33015, -44.55319 -62.32784)	325.1230957612243	-62.32899511934748	-44.547430221114
LINESTRING (-44.54167 -62.33015, -44.55319 -62.32784)	325.1230957612243	-62.32899511934748	-44.547430221114
LINESTRING (-44.54167 -62.33015, -44.55319 -62.32784)	325.1230957612243	-62.32899511934748	-44.547430221114
LINESTRING (-44.54167 -62.33015, -44.55319 -62.32784)	325.1230957612243	-62.32899511934748	-44.547430221114
LINESTRING (-44.52622 -62.33288, -44.53451 -62.32868)	317.6962730985292	-62.330780062070914	-44.530365289326745
LINESTRING (-44.46292 -62.4202, -44.48012 -62.41852)	454.17269393645813	-62.41936026530335	-44.47152024102414
LINESTRING (-46.48373 -60.53405, -46.48788 -60.53856)	275.8689928092242	-60.53630501650103	-46.48580485567727
LINESTRING (-46.49032 -60.54189, -46.49385 -60.54653)	276.0506550563376	-60.54421001206537	-46.492084873659365
LINESTRING (-46.49032 -60.54189, -46.49385 -60.54653)	276.0506550563376	-60.54421001206537	-46.492084873659365
LINESTRING (-46.49032 -60.54189, -46.49385 -60.54653)	276.0506550563376	-60.54421001206537	-46.492084873659365
LINESTRING (-46.68423 -60.35469, -46.68845 -60.3588)	256.8844809916039	-60.35674501704842	-46.686339867234764
LINESTRING (-46.68423 -60.35469, -46.68845 -60.3588)	256.8844809916039	-60.35674501704842	-46.686339867234764
LINESTRING (-46.68423 -60.35469, -46.68845 -60.3588)	256.8844809916039	-60.35674501704842	-46.686339867234764
LINESTRING (-46.68423 -60.35469, -46.68845 -60.3588)	256.8844809916039	-60.35674501704842	-46.686339867234764
LINESTRING (-46.68423 -60.35469, -46.68845 -60.3588)	256.8844809916039	-60.35674501704842	-46.686339867234764
LINESTRING (-46.68423 -60.35469, -46.68845 -60.3588)	256.8844809916039	-60.35674501704842	-46.686339867234764
LINESTRING (-46.68423 -60.35469, -46.68845 -60.3588)	256.8844809916039	-60.35674501704842	-46.686339867234764
LINESTRING (-46.68423 -60.35469, -46.68845 -60.3588)	256.8844809916039	-60.35674501704842	-46.686339867234764
LINESTRING (-46.68423 -60.35469, -46.68845 -60.3588)	256.8844809916039	-60.35674501704842	-46.686339867234764
LINESTRING (-46.68423 -60.35469, -46.68845 -60.3588)	256.8844809916039	-60.35674501704842	-46.686339867234764
LINESTRING (-46.68423 -60.35469, -46.68845 -60.3588)	256.8844809916039	-60.35674501704842	-46.686339867234764
LINESTRING (-46.68423 -60.35469, -46.68845 -60.3588)	256.8844809916039	-60.35674501704842	-46.686339867234764
LINESTRING (-46.68423 -60.35469, -46.68845 -60.3588)	256.8844809916039	-60.35674501704842	-46.686339867234764
LINESTRING (-46.68423 -60.35469, -46.68845 -60.3588)	256.8844809916039	-60.35674501704842	-46.686339867234764
LINESTRING (-46.68423 -60.35469, -46.68845 -60.3588)	256.8844809916039	-60.35674501704842	-46.686339867234764
LINESTRING (-46.68423 -60.35469, -46.68845 -60.3588)	256.8844809916039	-60.35674501704842	-46.686339867234764
LINESTRING (-46.68423 -60.35469, -46.68845 -60.3588)	256.8844809916039	-60.35674501704842	-46.686339867234764
LINESTRING (-46.68423 -60.35469, -46.68845 -60.3588)	256.8844809916039	-60.35674501704842	-46.686339867234764
LINESTRING (-46.68423 -60.35469, -46.68845 -60.3588)	256.8844809916039	-60.35674501704842	-46.686339867234764
LINESTRING (-46.68423 -60.35469, -46.68845 -60.3588)	256.8844809916039	-60.35674501704842	-46.686339867234764
LINESTRING (-46.68423 -60.35469, -46.68845 -60.3588)	256.8844809916039	-60.35674501704842	-46.686339867234764
LINESTRING (-46.68423 -60.35469, -46.68845 -60.3588)	256.8844809916039	-60.35674501704842	-46.686339867234764
LINESTRING (-46.48373 -60.53405, -46.48788 -60.53856)	275.8689928092242	-60.53630501650103	-46.48580485567727
LINESTRING (-46.48373 -60.53405, -46.48788 -60.53856)	275.8689928092242	-60.53630501650103	-46.48580485567727
LINESTRING (-46.48373 -60.53405, -46.48788 -60.53856)	275.8689928092242	-60.53630501650103	-46.48580485567727
LINESTRING (-46.48373 -60.53405, -46.48788 -60.53856)	275.8689928092242	-60.53630501650103	-46.48580485567727
LINESTRING (-46.48373 -60.53405, -46.48788 -60.53856)	275.8689928092242	-60.53630501650103	-46.48580485567727
LINESTRING (-46.68423 -60.35469, -46.68845 -60.3588)	256.8844809916039	-60.35674501704842	-46.686339867234764
LINESTRING (-46.68423 -60.35469, -46.68845 -60.3588)	256.8844809916039	-60.35674501704842	-46.686339867234764
LINESTRING (-46.68423 -60.35469, -46.68845 -60.3588)	256.8844809916039	-60.35674501704842	-46.686339867234764
LINESTRING (-46.68423 -60.35469, -46.68845 -60.3588)	256.8844809916039	-60.35674501704842	-46.686339867234764
LINESTRING (-46.68423 -60.35469, -46.68845 -60.3588)	256.8844809916039	-60.35674501704842	-46.686339867234764
LINESTRING (-46.68423 -60.35469, -46.68845 -60.3588)	256.8844809916039	-60.35674501704842	-46.686339867234764
LINESTRING (-46.68423 -60.35469, -46.68845 -60.3588)	256.8844809916039	-60.35674501704842	-46.686339867234764
LINESTRING (-46.68423 -60.35469, -46.68845 -60.3588)	256.8844809916039	-60.35674501704842	-46.686339867234764
LINESTRING (-46.68423 -60.35469, -46.68845 -60.3588)	256.8844809916039	-60.35674501704842	-46.686339867234764
LINESTRING (-46.68423 -60.35469, -46.68845 -60.3588)	256.8844809916039	-60.35674501704842	-46.686339867234764
LINESTRING (-46.68423 -60.35469, -46.68845 -60.3588)	256.8844809916039	-60.35674501704842	-46.686339867234764
LINESTRING (-46.68423 -60.35469, -46.68845 -60.3588)	256.8844809916039	-60.35674501704842	-46.686339867234764
LINESTRING (-46.68411 -60.35385, -46.68745 -60.35828)	263.44592446265113	-60.35606501085088	-46.68577988674216
LINESTRING (-46.68411 -60.35385, -46.68745 -60.35828)	263.44592446265113	-60.35606501085088	-46.68577988674216
LINESTRING (-46.68411 -60.35385, -46.68745 -60.35828)	263.44592446265113	-60.35606501085088	-46.68577988674216
LINESTRING (-46.68411 -60.35385, -46.68745 -60.35828)	263.44592446265113	-60.35606501085088	-46.68577988674216
LINESTRING (-46.68411 -60.35385, -46.68745 -60.35828)	263.44592446265113	-60.35606501085088	-46.68577988674216
LINESTRING (-46.68411 -60.35385, -46.68745 -60.35828)	263.44592446265113	-60.35606501085088	-46.68577988674216
LINESTRING (-46.68411 -60.35385, -46.68745 -60.35828)	263.44592446265113	-60.35606501085088	-46.68577988674216
LINESTRING (-46.68411 -60.35385, -46.68745 -60.35828)	263.44592446265113	-60.35606501085088	-46.68577988674216
LINESTRING (-46.68411 -60.35385, -46.68745 -60.35828)	263.44592446265113	-60.35606501085088	-46.68577988674216
LINESTRING (-46.68411 -60.35385, -46.68745 -60.35828)	263.44592446265113	-60.35606501085088	-46.68577988674216
LINESTRING (-46.68411 -60.35385, -46.68745 -60.35828)	263.44592446265113	-60.35606501085088	-46.68577988674216
LINESTRING (-46.68411 -60.35385, -46.68745 -60.35828)	263.44592446265113	-60.35606501085088	-46.68577988674216
LINESTRING (-46.68411 -60.35385, -46.68745 -60.35828)	263.44592446265113	-60.35606501085088	-46.68577988674216
LINESTRING (-46.68411 -60.35385, -46.68745 -60.35828)	263.44592446265113	-60.35606501085088	-46.68577988674216
LINESTRING (-46.68411 -60.35385, -46.68745 -60.35828)	263.44592446265113	-60.35606501085088	-46.68577988674216
LINESTRING (-46.68411 -60.35385, -46.68745 -60.35828)	263.44592446265113	-60.35606501085088	-46.68577988674216
LINESTRING (-46.68423 -60.35437, -46.68761 -60.35889)	268.5295111754423	-60.3566300111185	-46.68591988305458
LINESTRING (-46.68423 -60.35437, -46.68761 -60.35889)	268.5295111754423	-60.3566300111185	-46.68591988305458
LINESTRING (-46.68423 -60.35437, -46.68761 -60.35889)	268.5295111754423	-60.3566300111185	-46.68591988305458
LINESTRING (-46.68423 -60.35437, -46.68761 -60.35889)	268.5295111754423	-60.3566300111185	-46.68591988305458
LINESTRING (-46.68423 -60.35437, -46.68761 -60.35889)	268.5295111754423	-60.3566300111185	-46.68591988305458
LINESTRING (-46.68423 -60.35437, -46.68761 -60.35889)	268.5295111754423	-60.3566300111185	-46.68591988305458
LINESTRING (-46.68423 -60.35437, -46.68761 -60.35889)	268.5295111754423	-60.3566300111185	-46.68591988305458
LINESTRING (-46.68423 -60.35437, -46.68761 -60.35889)	268.5295111754423	-60.3566300111185	-46.68591988305458
LINESTRING (-46.68423 -60.35437, -46.68761 -60.35889)	268.5295111754423	-60.3566300111185	-46.68591988305458
LINESTRING (-46.68423 -60.35437, -46.68761 -60.35889)	268.5295111754423	-60.3566300111185	-46.68591988305458
LINESTRING (-46.68423 -60.35437, -46.68761 -60.35889)	268.5295111754423	-60.3566300111185	-46.68591988305458
LINESTRING (-46.68423 -60.35437, -46.68761 -60.35889)	268.5295111754423	-60.3566300111185	-46.68591988305458
LINESTRING (-46.68423 -60.35437, -46.68761 -60.35889)	268.5295111754423	-60.3566300111185	-46.68591988305458
LINESTRING (-46.68423 -60.35437, -46.68761 -60.35889)	268.5295111754423	-60.3566300111185	-46.68591988305458
LINESTRING (-46.68423 -60.35437, -46.68761 -60.35889)	268.5295111754423	-60.3566300111185	-46.68591988305458
LINESTRING (-46.68423 -60.35437, -46.68761 -60.35889)	268.5295111754423	-60.3566300111185	-46.68591988305458
LINESTRING (-46.68423 -60.35437, -46.68761 -60.35889)	268.5295111754423	-60.3566300111185	-46.68591988305458
LINESTRING (-46.68423 -60.35437, -46.68761 -60.35889)	268.5295111754423	-60.3566300111185	-46.68591988305458
LINESTRING (-46.68423 -60.35437, -46.68761 -60.35889)	268.5295111754423	-60.3566300111185	-46.68591988305458
LINESTRING (-46.68423 -60.35437, -46.68761 -60.35889)	268.5295111754423	-60.3566300111185	-46.68591988305458
LINESTRING (-46.68423 -60.35437, -46.68761 -60.35889)	268.5295111754423	-60.3566300111185	-46.68591988305458
LINESTRING (-46.68423 -60.35437, -46.68761 -60.35889)	268.5295111754423	-60.3566300111185	-46.68591988305458
LINESTRING (-46.68423 -60.35437, -46.68761 -60.35889)	268.5295111754423	-60.3566300111185	-46.68591988305458
LINESTRING (-46.68423 -60.35437, -46.68761 -60.35889)	268.5295111754423	-60.3566300111185	-46.68591988305458
LINESTRING (-46.76719 -60.32237, -46.77263 -60.32624)	262.8060570384258	-60.32430502810176	-46.76990983905898
LINESTRING (-46.76719 -60.32237, -46.77263 -60.32624)	262.8060570384258	-60.32430502810176	-46.76990983905898
LINESTRING (-46.76719 -60.32237, -46.77263 -60.32624)	262.8060570384258	-60.32430502810176	-46.76990983905898
LINESTRING (-46.76743 -60.3208, -46.77042 -60.32541)	269.7762806406363	-60.32310500880651	-46.768924894632235
LINESTRING (-46.76898 -60.32156, -46.76986 -60.32657)	280.1583719283958	-60.32406500120341	-46.76941996629665
LINESTRING (-46.76898 -60.32156, -46.76986 -60.32657)	280.1583719283958	-60.32406500120341	-46.76941996629665
LINESTRING (-46.76898 -60.32156, -46.76986 -60.32657)	280.1583719283958	-60.32406500120341	-46.76941996629665
LINESTRING (-46.76898 -60.32156, -46.76986 -60.32657)	280.1583719283958	-60.32406500120341	-46.76941996629665
LINESTRING (-46.76898 -60.32156, -46.76986 -60.32657)	280.1583719283958	-60.32406500120341	-46.76941996629665
LINESTRING (-46.76898 -60.32156, -46.76986 -60.32657)	280.1583719283958	-60.32406500120341	-46.76941996629665
LINESTRING (-46.76898 -60.32156, -46.76986 -60.32657)	280.1583719283958	-60.32406500120341	-46.76941996629665
LINESTRING (-46.76898 -60.32156, -46.76986 -60.32657)	280.1583719283958	-60.32406500120341	-46.76941996629665
LINESTRING (-46.76898 -60.32156, -46.76986 -60.32657)	280.1583719283958	-60.32406500120341	-46.76941996629665
LINESTRING (-46.68411 -60.35385, -46.68745 -60.35828)	263.44592446265113	-60.35606501085088	-46.68577988674216
LINESTRING (-46.68411 -60.35385, -46.68745 -60.35828)	263.44592446265113	-60.35606501085088	-46.68577988674216
LINESTRING (-46.68411 -60.35385, -46.68745 -60.35828)	263.44592446265113	-60.35606501085088	-46.68577988674216
LINESTRING (-46.68411 -60.35385, -46.68745 -60.35828)	263.44592446265113	-60.35606501085088	-46.68577988674216
LINESTRING (-46.68411 -60.35385, -46.68745 -60.35828)	263.44592446265113	-60.35606501085088	-46.68577988674216
LINESTRING (-46.68423 -60.35437, -46.68761 -60.35889)	268.5295111754423	-60.3566300111185	-46.68591988305458
LINESTRING (-46.68423 -60.35437, -46.68761 -60.35889)	268.5295111754423	-60.3566300111185	-46.68591988305458
LINESTRING (-46.68423 -60.35437, -46.68761 -60.35889)	268.5295111754423	-60.3566300111185	-46.68591988305458
LINESTRING (-46.68423 -60.35437, -46.68761 -60.35889)	268.5295111754423	-60.3566300111185	-46.68591988305458
LINESTRING (-46.68423 -60.35437, -46.68761 -60.35889)	268.5295111754423	-60.3566300111185	-46.68591988305458
LINESTRING (-46.68423 -60.35437, -46.68761 -60.35889)	268.5295111754423	-60.3566300111185	-46.68591988305458
LINESTRING (-46.68423 -60.35437, -46.68761 -60.35889)	268.5295111754423	-60.3566300111185	-46.68591988305458
LINESTRING (-46.68423 -60.35437, -46.68761 -60.35889)	268.5295111754423	-60.3566300111185	-46.68591988305458
LINESTRING (-46.68423 -60.35437, -46.68761 -60.35889)	268.5295111754423	-60.3566300111185	-46.68591988305458
LINESTRING (-46.68423 -60.35437, -46.68761 -60.35889)	268.5295111754423	-60.3566300111185	-46.68591988305458
LINESTRING (-46.68423 -60.35437, -46.68761 -60.35889)	268.5295111754423	-60.3566300111185	-46.68591988305458
LINESTRING (-46.68423 -60.35437, -46.68761 -60.35889)	268.5295111754423	-60.3566300111185	-46.68591988305458
LINESTRING (-46.68423 -60.35437, -46.68761 -60.35889)	268.5295111754423	-60.3566300111185	-46.68591988305458
LINESTRING (-46.76719 -60.32237, -46.77263 -60.32624)	262.8060570384258	-60.32430502810176	-46.76990983905898
LINESTRING (-46.76719 -60.32237, -46.77263 -60.32624)	262.8060570384258	-60.32430502810176	-46.76990983905898
LINESTRING (-46.76898 -60.32156, -46.76986 -60.32657)	280.1583719283958	-60.32406500120341	-46.76941996629665
LINESTRING (-46.76898 -60.32156, -46.76986 -60.32657)	280.1583719283958	-60.32406500120341	-46.76941996629665
LINESTRING (-46.76898 -60.32156, -46.76986 -60.32657)	280.1583719283958	-60.32406500120341	-46.76941996629665
LINESTRING (-46.76898 -60.32156, -46.76986 -60.32657)	280.1583719283958	-60.32406500120341	-46.76941996629665
LINESTRING (-46.76898 -60.32156, -46.76986 -60.32657)	280.1583719283958	-60.32406500120341	-46.76941996629665
LINESTRING (-46.76898 -60.32156, -46.76986 -60.32657)	280.1583719283958	-60.32406500120341	-46.76941996629665
LINESTRING (-46.76898 -60.32156, -46.76986 -60.32657)	280.1583719283958	-60.32406500120341	-46.76941996629665
LINESTRING (-46.86591 -60.27661, -46.87385 -60.27423)	256.5917441062741	-60.27542005942869	-46.869880144175404
LINESTRING (-46.86591 -60.27661, -46.87385 -60.27423)	256.5917441062741	-60.27542005942869	-46.869880144175404
LINESTRING (-46.86591 -60.27661, -46.87385 -60.27423)	256.5917441062741	-60.27542005942869	-46.869880144175404
LINESTRING (-46.87839 -60.2713, -46.88698 -60.26954)	257.1295914524393	-60.27042006949733	-46.88268511532178
LINESTRING (-46.87839 -60.2713, -46.88698 -60.26954)	257.1295914524393	-60.27042006949733	-46.88268511532178
LINESTRING (-46.87839 -60.2713, -46.88698 -60.26954)	257.1295914524393	-60.27042006949733	-46.88268511532178
LINESTRING (-46.68984 -60.22065, -46.69883 -60.21816)	285.16864999313776	-60.21940507625395	-46.69433517039813
LINESTRING (-46.68984 -60.22065, -46.69883 -60.21816)	285.16864999313776	-60.21940507625395	-46.69433517039813
LINESTRING (-46.68984 -60.22065, -46.69883 -60.21816)	285.16864999313776	-60.21940507625395	-46.69433517039813
LINESTRING (-46.68984 -60.22065, -46.69883 -60.21816)	285.16864999313776	-60.21940507625395	-46.69433517039813
LINESTRING (-46.68984 -60.22065, -46.69883 -60.21816)	285.16864999313776	-60.21940507625395	-46.69433517039813
LINESTRING (-46.68984 -60.22065, -46.69883 -60.21816)	285.16864999313776	-60.21940507625395	-46.69433517039813
LINESTRING (-46.86591 -60.27661, -46.87385 -60.27423)	256.5917441062741	-60.27542005942869	-46.869880144175404
LINESTRING (-46.86591 -60.27661, -46.87385 -60.27423)	256.5917441062741	-60.27542005942869	-46.869880144175404
LINESTRING (-46.86591 -60.27661, -46.87385 -60.27423)	256.5917441062741	-60.27542005942869	-46.869880144175404
LINESTRING (-46.86591 -60.27661, -46.87385 -60.27423)	256.5917441062741	-60.27542005942869	-46.869880144175404
LINESTRING (-46.86591 -60.27661, -46.87385 -60.27423)	256.5917441062741	-60.27542005942869	-46.869880144175404
LINESTRING (-46.86591 -60.27661, -46.87385 -60.27423)	256.5917441062741	-60.27542005942869	-46.869880144175404
LINESTRING (-46.68984 -60.22065, -46.69883 -60.21816)	285.16864999313776	-60.21940507625395	-46.69433517039813
LINESTRING (-46.72335 -60.2135, -46.73315 -60.21577)	299.63891462026453	-60.21463509058081	-46.7282498306935
LINESTRING (-46.72335 -60.2135, -46.73315 -60.21577)	299.63891462026453	-60.21463509058081	-46.7282498306935
LINESTRING (-46.72335 -60.2135, -46.73315 -60.21577)	299.63891462026453	-60.21463509058081	-46.7282498306935
LINESTRING (-46.72335 -60.2135, -46.73315 -60.21577)	299.63891462026453	-60.21463509058081	-46.7282498306935
LINESTRING (-46.72335 -60.2135, -46.73315 -60.21577)	299.63891462026453	-60.21463509058081	-46.7282498306935
LINESTRING (-44.51785 -60.49437, -44.52549 -60.49652)	241.72326132278576	-60.49544505475869	-44.52166987355046
LINESTRING (-44.51785 -60.49437, -44.52549 -60.49652)	241.72326132278576	-60.49544505475869	-44.52166987355046
LINESTRING (-44.51785 -60.49437, -44.52549 -60.49652)	241.72326132278576	-60.49544505475869	-44.52166987355046
LINESTRING (-46.72335 -60.2135, -46.73315 -60.21577)	299.63891462026453	-60.21463509058081	-46.7282498306935
LINESTRING (-44.41916 -60.47629, -44.41866 -60.47186)	247.17871159440676	-60.47407500060486	-44.4189099829635
LINESTRING (-44.41902 -60.47679, -44.4224 -60.47258)	252.28594214245038	-60.47468501103996	-44.42071010945013
LINESTRING (-44.52236 -60.49592, -44.52971 -60.49884)	259.3423462263312	-60.497380050758636	-44.52603483476961
LINESTRING (-44.52236 -60.49592, -44.52971 -60.49884)	259.3423462263312	-60.497380050758636	-44.52603483476961
LINESTRING (-44.52236 -60.49592, -44.52971 -60.49884)	259.3423462263312	-60.497380050758636	-44.52603483476961
LINESTRING (-44.52236 -60.49592, -44.52971 -60.49884)	259.3423462263312	-60.497380050758636	-44.52603483476961
LINESTRING (-44.52236 -60.49592, -44.52971 -60.49884)	259.3423462263312	-60.497380050758636	-44.52603483476961
LINESTRING (-44.52236 -60.49592, -44.52971 -60.49884)	259.3423462263312	-60.497380050758636	-44.52603483476961
LINESTRING (-44.52236 -60.49592, -44.52971 -60.49884)	259.3423462263312	-60.497380050758636	-44.52603483476961
LINESTRING (-44.52236 -60.49592, -44.52971 -60.49884)	259.3423462263312	-60.497380050758636	-44.52603483476961
LINESTRING (-44.52236 -60.49592, -44.52971 -60.49884)	259.3423462263312	-60.497380050758636	-44.52603483476961
LINESTRING (-44.52236 -60.49592, -44.52971 -60.49884)	259.3423462263312	-60.497380050758636	-44.52603483476961
LINESTRING (-44.52236 -60.49592, -44.52971 -60.49884)	259.3423462263312	-60.497380050758636	-44.52603483476961
LINESTRING (-44.70265 -60.46412, -44.71117 -60.46868)	345.6257999961563	-60.46640006842554	-44.70690970127256
LINESTRING (-44.70265 -60.46412, -44.71117 -60.46868)	345.6257999961563	-60.46640006842554	-44.70690970127256
LINESTRING (-44.70265 -60.46412, -44.71117 -60.46868)	345.6257999961563	-60.46640006842554	-44.70690970127256
LINESTRING (-44.70265 -60.46412, -44.71117 -60.46868)	345.6257999961563	-60.46640006842554	-44.70690970127256
LINESTRING (-44.71575 -60.4717, -44.72595 -60.47529)	344.50264243941507	-60.47349509773669	-44.72084971836216
LINESTRING (-44.71575 -60.4717, -44.72595 -60.47529)	344.50264243941507	-60.47349509773669	-44.72084971836216
LINESTRING (-44.71575 -60.4717, -44.72595 -60.47529)	344.50264243941507	-60.47349509773669	-44.72084971836216
LINESTRING (-44.71575 -60.4717, -44.72595 -60.47529)	344.50264243941507	-60.47349509773669	-44.72084971836216
LINESTRING (-44.71575 -60.4717, -44.72595 -60.47529)	344.50264243941507	-60.47349509773669	-44.72084971836216
LINESTRING (-44.70438 -60.45885, -44.71463 -60.45621)	318.06373215671624	-60.457530098616175	-44.70950520798946
LINESTRING (-44.70438 -60.45885, -44.71463 -60.45621)	318.06373215671624	-60.457530098616175	-44.70950520798946
LINESTRING (-44.70438 -60.45885, -44.71463 -60.45621)	318.06373215671624	-60.457530098616175	-44.70950520798946
LINESTRING (-44.52236 -60.49592, -44.52971 -60.49884)	259.3423462263312	-60.497380050758636	-44.52603483476961
LINESTRING (-44.70265 -60.46412, -44.71117 -60.46868)	345.6257999961563	-60.46640006842554	-44.70690970127256
LINESTRING (-44.71575 -60.4717, -44.72595 -60.47529)	344.50264243941507	-60.47349509773669	-44.72084971836216
LINESTRING (-44.71575 -60.4717, -44.72595 -60.47529)	344.50264243941507	-60.47349509773669	-44.72084971836216
LINESTRING (-44.31148 -60.45717, -44.32573 -60.45497)	410.7993895457917	-60.45607019044597	-44.31860524094906
LINESTRING (-44.31148 -60.45717, -44.32573 -60.45497)	410.7993895457917	-60.45607019044597	-44.31860524094906
LINESTRING (-42.95756 -60.75219, -42.96927 -60.75649)	399.1325873277358	-60.75434012807763	-42.96341460824643
LINESTRING (-42.95756 -60.75219, -42.96927 -60.75649)	399.1325873277358	-60.75434012807763	-42.96341460824643
LINESTRING (-42.95756 -60.75219, -42.96927 -60.75649)	399.1325873277358	-60.75434012807763	-42.96341460824643
LINESTRING (-42.97439 -60.7578, -42.98436 -60.75949)	287.6175836156751	-60.75864509263657	-42.97937486888687
LINESTRING (-42.97439 -60.7578, -42.98436 -60.75949)	287.6175836156751	-60.75864509263657	-42.97937486888687
LINESTRING (-42.97439 -60.7578, -42.98436 -60.75949)	287.6175836156751	-60.75864509263657	-42.97937486888687
LINESTRING (-42.96315 -60.75238, -42.97336 -60.75312)	281.39947906961515	-60.75275009711655	-42.968254941221744
LINESTRING (-42.96315 -60.75238, -42.97336 -60.75312)	281.39947906961515	-60.75275009711655	-42.968254941221744
LINESTRING (-42.97247 -60.73865, -42.98017 -60.73483)	299.01138164944416	-60.73674005552331	-42.97632022867992
LINESTRING (-42.97247 -60.73865, -42.98017 -60.73483)	299.01138164944416	-60.73674005552331	-42.97632022867992
LINESTRING (-42.97247 -60.73865, -42.98017 -60.73483)	299.01138164944416	-60.73674005552331	-42.97632022867992
LINESTRING (-42.97247 -60.73865, -42.98017 -60.73483)	299.01138164944416	-60.73674005552331	-42.97632022867992
LINESTRING (-42.97247 -60.73865, -42.98017 -60.73483)	299.01138164944416	-60.73674005552331	-42.97632022867992
LINESTRING (-42.97247 -60.73865, -42.98017 -60.73483)	299.01138164944416	-60.73674005552331	-42.97632022867992
LINESTRING (-42.98106 -60.74496, -42.98813 -60.74046)	316.2768622199479	-60.74271004695261	-42.98459524740716
LINESTRING (-42.95756 -60.75219, -42.96927 -60.75649)	399.1325873277358	-60.75434012807763	-42.96341460824643
LINESTRING (-42.97439 -60.7578, -42.98436 -60.75949)	287.6175836156751	-60.75864509263657	-42.97937486888687
LINESTRING (-43.00217 -60.72222, -43.01253 -60.71896)	336.0441996155001	-60.7205901002492	-43.00735026239985
LINESTRING (-43.02674 -60.72161, -43.0365 -60.72048)	273.69558363680613	-60.721045088819494	-43.0316200856885
LINESTRING (-43.02674 -60.72161, -43.0365 -60.72048)	273.69558363680613	-60.721045088819494	-43.0316200856885
LINESTRING (-43.02674 -60.72161, -43.0365 -60.72048)	273.69558363680613	-60.721045088819494	-43.0316200856885
LINESTRING (-43.02674 -60.72161, -43.0365 -60.72048)	273.69558363680613	-60.721045088819494	-43.0316200856885
LINESTRING (-42.49511 -60.6713, -42.50343 -60.67282)	242.6593347177891	-60.67206006463761	-42.499269901940615
LINESTRING (-42.52058 -60.67724, -42.5295 -60.67859)	255.09822126333648	-60.67791507427155	-42.52503990660469
LINESTRING (-42.52058 -60.67724, -42.5295 -60.67859)	255.09822126333648	-60.67791507427155	-42.52503990660469
LINESTRING (-42.52058 -60.67724, -42.5295 -60.67859)	255.09822126333648	-60.67791507427155	-42.52503990660469
LINESTRING (-42.52058 -60.67724, -42.5295 -60.67859)	255.09822126333648	-60.67791507427155	-42.52503990660469
LINESTRING (-42.52058 -60.67724, -42.5295 -60.67859)	255.09822126333648	-60.67791507427155	-42.52503990660469
LINESTRING (-42.52058 -60.67724, -42.5295 -60.67859)	255.09822126333648	-60.67791507427155	-42.52503990660469
LINESTRING (-42.49511 -60.6713, -42.50343 -60.67282)	242.6593347177891	-60.67206006463761	-42.499269901940615
LINESTRING (-42.49511 -60.6713, -42.50343 -60.67282)	242.6593347177891	-60.67206006463761	-42.499269901940615
LINESTRING (-42.49511 -60.6713, -42.50343 -60.67282)	242.6593347177891	-60.67206006463761	-42.499269901940615
LINESTRING (-42.52058 -60.67724, -42.5295 -60.67859)	255.09822126333648	-60.67791507427155	-42.52503990660469
LINESTRING (-42.97735 -60.70324, -42.99009 -60.69775)	463.2361634222624	-60.700495151930056	-42.98372054296288
LINESTRING (-41.05486 -60.57332, -41.06332 -60.57151)	252.91578866948643	-60.5724150669898	-41.05909011824968
LINESTRING (-41.05486 -60.57332, -41.06332 -60.57151)	252.91578866948643	-60.5724150669898	-41.05909011824968
LINESTRING (-41.03763 -60.5589, -41.04611 -60.56174)	281.29450797140487	-60.56032006741414	-41.041869814112374
LINESTRING (-41.03763 -60.5589, -41.04611 -60.56174)	281.29450797140487	-60.56032006741414	-41.041869814112374
